0000301D1A980E825603FF8E5FA2798C 922 586 53276
00023FF5FFECF4BBEEBF5822C0256AB8 750 548 66808
0133C89BB67E964726181A34A4E6BB90 512 701 88011
01390F1F3F3E3117F3C14BABE13279D6 360 548 50087
0139D69BA4C7708549DCF4A604F51646 331 646 43223
013BDB96597402132595FD97029639A4 467 700 68331
013CC2EA2F4D7C979DEEF6643BA89207 487 736 51544
013E38BCEB272B9B0626BBB1FF594C52 467 700 50841
014117694987F71993F079AB603D538E 1024 683 168143
014605A4EAB05A193A256048F4BC3D51 619 450 48938
01470E097A0AD6F38855CF851AA50D81 640 480 29449
0148BAB8A0C34B1B6BCA79785C1E9BB9 548 368 27169
014E4525E1C2649D2A4CA265FEEBABFA 496 405 61224
014F9E842A15FE068251D5654F7A6894 432 648 115560
01514A4FF7B13E27125547BB8F1B5007 468 700 50554
0151DC91050F1023B3ABED67C5843026 800 600 50307
0152224696600138EC8CAEC806207633 640 480 65741
0157B9BAAFED18098B94F4B7DBB2E899 400 600 61543
015A9EE77F7864F822329E65A88076E6 480 640 35081
0162D9465C0052BB59882478589EB4C0 450 773 65800
016A9D1FA2C0A441B8643973CD36E07E 532 800 77495
016CE7058C3BD67CBCBA20AE62D0E3DE 768 512 62508
016F9D17DDBA556B18322683CC56F7B7 650 488 37163
0172AF46427771F8B5865D77A342D221 438 584 41753
017331FE06589501E8942A906CBF5839 661 453 62370
017365AA7F7609D8ED0D4A6C8ACA901B 640 480 55846
01761DAE2667A5CB8A9A28207F7391EC 538 400 38868
017700A16339C306C65801A4772EB889 470 700 67038
017DE918C0F7386C3341893DE899858D 357 600 23636
0186598A39B8BE132AB9922A1BF37BDA 288 438 25213
049CAA54C82C004F18395B0A4E18A362 530 807 64214
049E6C462488C8F9C84AACC1E6691E97 397 600 80919
04A24E09469056DEF8F1A327E1498F62 823 519 61944
04A44F402510A7E1E9A7FC0F73BAEF6A 720 482 47465
04A625068265770778A786D2068871A5 533 800 75293
04A97D302645D1F48B8FAAD549B02E84 768 512 55806
04AA4F286B54E599F3B929C7460C72D3 384 596 46796
04AF3DCA96C3F33681AAF8C72A604630 253 392 15547
04B3D280DFC22D6DB4D603F3BF538747 512 768 71680
04B45443ED46863FF0D6571EEEA67E58 426 540 16568
04B4B95012D26B081E33B1FEF8C45AFC 720 900 159084
04B7509B97487A448B8A2D37595BE647 430 600 28953
04BA5525EC81CD7A1A3EC8E32578507F 1125 750 134141
04BBEA1F42D8F09AC184D0DC62CC8537 745 462 20627
04BC7087567F749384249ED11B04DB2C 699 469 24375
04BE387E5BA52C7E438C8F9988A16CE9 433 665 31956
04BED99756B2C3E2CA766244349E5488 479 614 27710
04BF0989B0133F35AE207A3858123AC9 850 573 89828
04C00451C192F4E7C7364F0A98B5F8E6 413 533 37671
04C238E990FE7A9B7A1C9C5E1758DC3E 559 715 74886
04CB2D5CDC726B8F82605DEC6757C076 600 800 48909
04CF6FC1E35F57D23FEE1DBDB64B43F7 768 512 59902
04D322DB50BA9407902A86B6909F82A9 360 439 42130
04D33F0B45F9ECF8A8E0FD7D71EC232C 339 500 38485
04D829260B296296C3A5070F5A0CC6B1 479 600 168390
04E93B50C7C4DEA4AE1C500932BFE0D2 437 308 21919
04EB2535B3B5AD27563382C4AB0A05BE 567 851 113100
04EE72482F5F2D32887751BECE16FEA7 768 1024 176008
0503A9FDFBC5D8DF41D60831075A8718 600 768 77866
05088A7DE45EE44E350D0164BA5FD620 512 768 98670
0508DBBB1487707D0982F89BDD00DABB 640 480 155202
050ACEDC574670DC87689EE31E1B32F6 414 550 38914
050EBB3A099AD99908A6A642EAA249FB 400 513 26127
051730D25B528CEBF1A6BB5FE67B9167 413 328 22365
0519EA04FA9B4FC78A35224A50C4176A 296 440 28750
051C5DA39E062A4FB479D185C6C08A6B 429 650 72852
05256CA68D7589E58A3BB22F96C28521 467 700 59026
052B22F60BC9C0D4C3C0E6BEFE4AA89A 326 521 40846
052C3A71B28D5745F81FFAAC1A163224 612 551 31123
0534C48D1EFFCCE7E5A23A659398028E 422 563 32501
053CE7B63A549B75C663380819BC572F 467 700 59647
05438A5E91AC4E8653D954FCD76956B8 792 520 41189
05440239A7169BD49FFA075BAA7589AF 365 240 16233
0544A9FC8F9D249AC2989DD63B1583DC 600 382 49507
054955B3228F0C9780FB9479BAC5E628 900 1188 143521
05524975DD61436BCFCDB3DFFFF5684D 467 700 49708
0565AD90BA914E7DE070CD666ACF67B1 309 484 30583
05662A349DD7888180522ED213E6E1F9 480 640 72445
056E99FAB03807710E5AD276AF569930 493 373 31072
05727DE0EAD3B50391D730DB64720A13 512 768 94349
057C6E304485D568A0D393C226D3C39E 750 581 98118
0581A2D0889D6EE52911D664FDB0250F 832 545 56190
05855A3D36126A5DCAAE3C82FA9BA0E9 683 1024 103579
0586E0EC1539430EF0F707C8A1F1CD8B 350 533 49580
0595D4C08152233A2C7DF38AC0D64539 735 490 63708
0598F6BD1C9EA2CEE182E0CF8C38B7A2 695 768 307835
05A0F98829667A5987118EB819EC8BF4 706 480 66120
05A27E6BFD90ACD7093A2992D646C675 329 507 14388
05A3C024C556F793DC38ED52B7836E69 413 638 35243
05A4434F5794236A42A0B7745614D39A 768 512 55861
05A4D80F181A1462DA4771EB0FEDDAC3 690 597 72659
05A746B90DB8A72C5BE4AA84D09D42CC 539 710 61463
05AE6D3B127F2FF91C5F5C2F49A5ECC0 600 395 43056
05B1BC56FB2DAB37DE51D25DAED0905D 462 502 62724
05B443277A0890863DD321609BD59D0C 479 768 59003
05BB70F5045105474186EBD3C8D85EA7 967 705 160355
05C204CD5B9780610FD7CA54BD1F5A88 730 543 66116
05C422654803F3CD431D12BECA6039BB 369 560 86141
05C44C3090A8B9856A640F061E05BF35 240 360 13359
05C8859E5F28085501F3FADEB4D10D89 525 384 43010
05D2E5DD67908ACB6456586F925E0F00 594 916 67581
05D4936C14C6093AD9A25094F9C3DBB8 400 600 55047
05D5D701867F0E027809E12E67F1AC53 926 636 52425
05D807141076393CA13BF6BC07F0755F 543 800 98532
05D84C37BF98C0362D31BF9C235F6B4F 410 610 46488
05DA46B52CA7D9EE6C722E8FDC9D0360 438 584 53434
05DD2469B6CE0204C9D3768CB8FF3D5D 320 240 23603
05DFC8F726C1C114E31EB383D16A63BF 395 640 68673
05E10C5CB043113EAB49E6FCF0EE3ACE 450 600 37868
05E3DACC2BA5CA00DCDD64B51567C79B 864 567 36317
05E67EBC33D98162828B4D696416E455 600 400 50361
05E94E2EFABD0F9DD03E645DB6D2C042 391 600 61336
05EEEBD18F90C1DBD133246C3A5A49E6 413 638 52363
05EEF72F1C3A71DD0F621AC8635995C5 1503 731 94299
05F09BAAC84174BEAB3C0CCDFC54CFA4 683 1024 38040
05F1354FCFEA35E651C08515AF92D5EE 400 600 17011
05F76F4A9EAC1758D75F5EDCDB479983 414 550 40584
05F871628570AF3C5201372DC58ED59C 580 700 45486
060ACF0CD1C529FC8F392A846AE10309 384 512 48302
060B0E3E64F82B432563246675B8B0FF 1024 768 103055
060F4DFEBA6767484232711267C6EF2B 413 662 119489
061069EB550659CFC1B217264A50F6EA 400 600 33408
06131E91C224AF0AC4D58A0508D99109 727 1091 73471
0614487D478763F45F920DDCFA7F8E3D 672 915 88919
06150E3D521DD639B96B0E29DDBD1B28 533 800 75550
0616D5F170E26699C40D31798DF57F0E 900 1200 355569
062271992AEEEDF1B511B0C3F5F4CBED 545 832 159150
0626DFE482497312A036AFDD99EDE221 600 800 49181
0627FF116483C8DF275F4B5DBA0C50CF 576 286 27563
0629DF676E1CA67C06AB7EE12C22EE6D 488 366 34846
0634C3D85D81910F9DB83320935DC809 800 1035 94216
06367F835FC260C76415C9BED14BA9DC 750 610 52269
0639CB71F9245DBF319D1388C32CB1C8 400 263 15039
064317A0EDE3280005C0F9F0465F3A3C 510 768 74430
06454469971F6E8BC3B01B118D199C31 400 600 48298
0648A6BE016A0F89834415A24612C854 517 763 70278
064D030D3CF5610EDEE1A4E8F7CD56AB 400 527 28480
064FCFAE5AFC6F24F7CAD0BC12DA6D16 400 625 38897
06588E7C11A39CBEF9836DD4530B8CA0 480 640 53004
06594BE9F4805FD47E3A32DEE4657E76 525 384 52556
065A2C3CDD20ACFC2189B9674D8FF0D9 900 720 178896
0822E8DCC79C1C616CE7D869FCEDDBD6 527 702 54740
08235CAB55C87DD87D24940FAE687CC7 506 750 70178
0825406CB29B5C1FCFFEA635EFE41EB9 722 1024 226540
0826E7102B8979CADCD000E9FC757439 864 567 115515
0829FFDF35A53671E0F88B1A4E7AB130 361 478 33144
082BEE27D220FDBC27AB9FD45134BAF0 488 366 38783
082C1EAEFDEED12F84CDAF6477080A7E 600 398 44307
082F65FD597C042C832D0F55A5E9BF44 449 600 28396
0833352EFC200B7A433CD2812850BDDC 512 768 91391
08337B16D01ABD77C8B717C28801B737 400 300 13793
0835197A24A1F10DA1D2F76A8C73C582 512 768 59103
08351DEABD90B761627DD033B74A4CCF 467 700 69861
083CAE403A250BA428F06C8A4A51A4D2 611 1024 85619
083D4D1C66C394C002CF3B9FC052E86C 533 800 78070
0841C334D0AA62F567B2B61AEBB81F4D 750 423 66207
0845C2988016C1AF80F1E99D321B5DBF 590 400 65822
08479D81A8026ED31FEF7A6AAFF7860E 800 538 114369
084BB6E466E70E58B1E682C3DE75BFAB 621 900 114140
084ED4A6FA75A515648713D03E2E0237 864 1317 99424
0850F89958B31E4306300FA21011EE75 1024 768 99741
0851727BD15C1C6B0249C3A1ADD979E2 399 689 17601
085726E0652EB0136042810769530031 467 700 56191
08575D2771D0E6B23DB067845F834F7C 200 220 44592
08587356D322DD3356A81E14DF369786 480 640 54920
0858B5342313AEBA957CC98872137A46 504 1060 95911
085B8C3824D4430083A47005BCAF2589 750 502 39919
085FD1AB463446D7DCB4BE80C2E21419 600 900 91575
086131ECF0573208B1572304CE06D6E2 400 600 34325
0861887742AC7FFC055CE4691D22C317 424 666 58329
0863B4D1CEF8873D3689E93C6ECF8D31 600 800 157929
0864DA549008DC47B92D4120820E8D1A 1024 683 52460
08660B60D1D10CEBC9E7FF3629AE9164 438 640 51844
0868657520E4172852C7C4F94FE3937C 683 1024 185486
086DECA7453703440C5E01AAB2893546 467 700 57904
08772F3E685F11D7CE031B689B5C4D2E 768 1024 173697
0878F2B98DE6FE8FF2189450AD94D45C 600 800 98744
088611662D9EA8B83C2AA4B1AD71FB00 512 768 93314
088BA121ECEB8E2D586C1E3AA4F2B194 450 619 44513
088BBCF0E6106FD7F0C398DFA60561C2 449 315 23682
088BF6BCD87F73CF6590D42AB0E85699 768 576 84181
08921E77127CAF31D5956C23220C8DD0 495 245 24289
08944DBAE362CEE44B76B65C6CB3F2BF 600 900 128164
08985ED353D2627C6A80E4642E0FE13E 336 500 24345
089AF027CE915E04406652C1DA21F2CE 391 350 24339
089EEB6F4FB8B3670A5870A235DFAAD8 611 903 124829
089EFA46CD9F9217EEDEE1AF9FB151D1 480 360 33263
08A1AD130DD6D3B5A61FAA57CBE2831D 450 600 39988
08A5672F77E228D62878EF9CA15D9D20 685 442 58507
08A5DB4ACA00A2A1BD29D0FB5BC90C3E 1024 768 57358
08A80097563CA14B7FC4B66FFC823B22 640 480 48117
08A838CC04D22C4C106CF314A5E024E5 512 768 81945
08A93342EFE0A5F0BB89CECFFD5E47F5 900 1200 116086
08AECD7878979C3BF891A8F06E60F48D 432 659 26308
08AED96BB81AEC05771FC5AB1FB32A31 423 723 58838
08B060C21E45E43A8FFCD3F5FE2A67BA 360 540 41527
08B0C415F25EB73AB0E9EB01E566D79D 384 525 47103
08C111B2F0562A131B3541F50DAF6D86 400 600 30525
08C934411335003976E58EAA7E6C44F3 400 642 100236
08CED57E639C7B7786F32ACE952BE275 900 595 82757
08D357EE73A949F83DA1F638525184C3 864 567 84388
08D3661B480F2F736F308C3124DFEB45 656 1000 35124
08D37076559D4FCBE203034665306FCA 231 426 15416
08D51AD3EE0AC7B5991001BC75A0F56D 683 1024 110836
08D5A5AA92D0274F23D72DA06C579B0B 680 850 49027
08E134D0FD790AE59095F76E0EDF389F 189 283 6729
08E149E3E0891297B0CDFA51E59AA0AE 301 448 59023
08E84EB7981865DA4CAE172D58049F65 728 472 84623
08EA1219088E37D9703F34B7053314D2 601 751 42470
08F85C83072B4645AEA199A8FF281628 390 600 57926
08FFC7CEADB4623A8780740A88634773 640 480 53757
09010D4A6475C757C9C896B5A2DD8CD2 600 800 101532
09013EE68BF9C2C905A4E6DB1B616898 512 768 73444
0906F7B2A23628D3FB41D49D84446AFD 513 800 95118
0907D8B34BD8512F096C72435F7D3899 392 521 29540
090F4871F836C71D0D65413F0B0ED23A 512 768 57413
091060402893998A63551A102E48C201 302 450 24697
0912C31B34E89436297CC8DEBD5986DC 371 563 35234
09162729C44CFD6D13CB08FDC170A2B3 600 416 44177
0918A1BF11F9569BDC7750DE26258241 450 619 66845
091E5A44C980E07513F1D52E39E3C46E 602 395 24916
0923369C3E87F1A283FB9E11FB3FCE5B 683 1024 147829
09236EF224B86CFB9D217A346FEDFB78 1024 683 140844
0923D4B7A195D35D6172E1462944C8BD 484 738 69236
0925397F4027D27A2F7C7E2EF1A342CA 683 512 79375
0930A3D2073A0DFF9E3C2064CC26C61C 360 240 18376
093401A5ADFBC2AACB143316A33088F9 1024 768 52746
09367D5087E70864596F15CF378F46BF 611 768 88121
09385B66FA1561E1C7E50C2E98D965D3 184 497 19753
093C2F8FB3699494582A6CF4C63CDC60 604 401 36312
09439C8D74DEA100814D19BAC324F602 768 512 78450
094498A354BBF147C590A2AA0BB532A8 577 768 73228
094757BB6314D122572F5BE01190B370 600 800 48642
094835D3611844C57948DAC374F4798D 640 480 58496
0953BF9DDA66A06A2A23D0367AA37BC9 518 768 84825
095D6A4F21D9C4F7678208BAB62E75AE 599 602 25911
095E7BF4221D4F69D9EAD3DD8B4464A7 349 585 51082
095F2CFB70A56019715CF3E74514FA04 630 472 61612
09618E8D651DAA2E6E738B120E44856C 683 1024 179574
0965E3CA8B2326ED840C1E44AAB85DC4 384 525 49005
09680A120ACE015CD70A3628652DC3F8 450 700 122601
096A583382CECAE0F4CF93E0D3A4E41C 467 700 58802
0973C113CB33598FDBABD245CDEA4F24 467 700 53097
09781974F51BED953004B43F4A230640 768 512 110045
0979A2757962300CD044B00CD1B8B92C 400 600 22920
097B987EC403B2545D78526B79486E04 718 1024 73539
097CC82EE6D87CCBDB3FB02AB685F269 288 432 21149
097E3D4C9A418FA09D454FFB50714ABA 386 593 42253
098C88736877D9F3891BEED85CAC06C4 500 324 29270
098E32FC3716A2E85ABC8DFB110548A3 512 768 86656
098F399602561613A5175653A386F766 450 670 61446
09960B9850D54B9E203E94CE41D62B46 600 420 74164
099740BD77B936BB9990B5311DE10ED1 497 750 49905
09975DCB036A984E500B372591B9A06A 600 450 35985
099B3DB6572F855728F1E78C47EE1A87 341 507 17912
099CC1CEEE879E64FB2532DD2EA74F5A 567 850 43614
09A348519046D19EEE46040B94B4F15D 734 550 61699
09B54E30E90E0D7CACACAE67884BE914 568 395 49060
0B6A1540304C35B646219B3A8E5CE99B 640 480 57975
0B6E03EE2BF548B7B9895378749602A6 600 900 73399
0B6E9FCB940BE012E5710B6D5B101305 401 600 49578
0B700F8375AA793CFD066AA176652C96 600 450 69099
0B703AC68FE35418B5E8F0651CC0CF62 467 700 54116
0B7253304774D65E66710BFF43AC5330 653 768 149258
0B74C8A14F681B893A5FB7076E724C67 400 600 56364
0B77CE31826572F77DDB82CC4A37CE37 467 327 29548
0B7B8B09B2753B666596C3B459B4A0AF 400 584 33697
0B8379E3EEA2083080E59455AF8B91DA 526 700 59595
0B8542FD0DBFF16F02EF63D8C55A9E5B 1024 768 248956
0B897E0D0D91A312DA2742938FC2E4B6 497 707 55962
0B899E5ED2C780131C86FE8631AA918C 750 470 76301
0B8B8AA753D025D614BD83019445CFA5 600 420 59030
0B8D33EE5FE9DF9D007FA143D30CD86C 532 800 128446
0B8F8F2B74E4B5569AD74DD0EB9891EB 454 615 31987
0B921142AB6C4A2CDD542DEF9D67632E 785 1264 92836
0B925DD9D41084AB98350495004F5F2F 504 488 47084
0B936B0DC036DE5D58C0873DFE94B46F 407 610 38330
0B9694E9D6A5AC1AA31B6DB5AA817BC1 614 437 44650
0B97B3D2A0D43E40F5917931EB4247CB 467 700 49120
0B98E7D71AFDE90C27F2A17FDF36C7F1 759 487 49439
0B9C2DBB21F302BAC81AC57BBA91DDEF 1024 768 70624
0B9CD7012BF6F8403BCE0897C0B2DB23 401 602 51178
0B9E641110BF9164943C79BF60CF0295 525 384 38799
0B9F73D47CB9041B2874A0A74325E5F9 768 1024 73292
0BA91EC2FD25CABA5CA12C494EDB7A45 400 600 24314
0BABE7466480AB2BC264B1A334DE95D3 960 640 194316
0BAF7874E661009F47F76233DA7DB87B 429 658 26414
0BB389D8F77235BA9CE79E9151635F1D 819 614 83714
0BB406CCA0D4616983C6949598AFB931 512 768 56698
0BB77E3000F7889E807B10F6EF08655E 800 600 69127
0BBBD448A655A56D9F5A70BF6BB4630D 218 400 22751
0BBEF174EA89B435BD372F059A5100A1 200 298 15978
0BC006F56851DDB8BE3C99BE4CDEA98C 800 533 32611
0BC1C865745A5E10ECF5E35FBF8F0FBA 399 600 45389
0BC3555BC9E1291C4574A968FC581054 590 900 45808
0BC9BD5D460D32A22CE01293364304E6 640 480 76444
0BCD70D269525E26E969FF794479A451 398 572 45900
0BD350413B31B658248E489721F0AB8D 540 791 47228
0BDC11C90934553C4C33143836B8FF6E 467 700 56013
0BDFB6B0EEFE52D6421994143F0BD672 226 556 19348
0BE0E1A936352BEA3DA1C0110AA625B8 435 666 30012
0BE10F15C2A37D1A8C2C45772402C1FF 467 700 52629
0BE478B670DADF716C1B7AFBD34F3181 400 625 37451
0BE4A1E53B243981D47C6DABD4F70755 400 625 41008
0BE5123ACE504090F97928F22FBC7EDA 792 1207 130962
0BE59717DEE2D230C6D5FD81F703D19B 768 512 73856
0BE8C25CD361CE6454ECD537C31E72E5 768 576 80239
0BEB3FE22CE063580E52E777BA215A2A 750 1125 146164
0BEE7DD3A188C342A8E04B076C024034 600 800 32324
0BF42681348BE0DF7F363885DF179770 798 509 74785
0BF5F7756F885C46459E10F1ACA2E14E 400 600 27234
0BF81D9C4720750C3BB8CFE57C75D929 299 600 46587
0BFA7AC483D6E40EB6DFA8C2D65262F8 524 274 21738
0BFC5CB91A84E050268A373781CB7C12 599 719 57497
0BFC8F1E3F95C4800B4E47F6E5B8F3D4 400 600 33037
0C067D9FF3F88975A6BECA863695B026 512 384 34253
0C0ABBA1BFAF3ABEAC9876130A121FAE 527 702 60209
0C0C3AB9A4D0BF4A55CFEA04556F45E0 756 555 47720
0C0F59A7AAFDD439A68A907C075147A1 868 576 47284
0C155DF9E0C10A4ED3C6E5F2EB879D9F 310 576 83118
0C1D98C589E4754E63D9186923725CA4 800 600 112167
0C2848EB5A380186323AB2952FCB3214 320 240 29657
0C2A64FD5232897C2A4B8F714E6E257D 583 890 91155
0C2B06C7645427DE6CAC93BDD90D6275 576 768 43686
0C2B4F7F41DD87D63C7CC0A50A981366 782 542 55888
0C325F07A46E6EFA04288AC82096F1AD 292 475 27802
0C32754ADFEBFA67649E62B23DD7DF34 485 734 90341
0C3A3FBD3ECBCAC048549016864FD826 432 650 82675
0C3C254DA79A0DFA50C330AE19849787 486 720 25674
0C3D156FBB7B396EF3565F35CA37D42B 467 700 32394
0C426B36AF08B82E2141380AA43FDEC1 525 700 98064
0C4A39F43C3C2C1843A5B9E287FBE2EC 849 1407 119637
0C4D7E6CCCCCD7FF3B751141A9EBE6D3 480 715 36199
0C4F8AA8C9A472F7A5E2AAD695CEBCED 800 524 56296
0C523EDE0618BE005C80C06E96482C26 334 500 41582
0C5262CB41C2CD5D6505E77000D6C8AE 1024 768 71440
0C526663512D28241DEBF4998E7FD655 400 500 37569
0C535E305C492D3D5F0EB73E0D421E46 900 600 66112
0C5A327EB1ECA7917AE4F9A40692EDF2 704 554 78012
0C5A9548F2FA8F2274AA4457A671A6C3 467 700 56387
0C5AE599B0AF6B801A3A961FD0981208 640 500 38498
0C5C9634CF09C5A5220CBC4E593FA1E9 801 600 55987
0C5FE3E2CD825A3C1FAD44733E6B17AB 1024 683 117148
0C6123F7D358F8F7F88DD41C08C73D3F 545 832 100015
0C63CF90B5580E7B7DD5390CA175F9AC 437 308 22740
0C79D760DF1B46B2971320EC04A5355B 467 700 56597
0C7A38371A0E3F9CB8E7805B3C29C0C6 333 500 34399
0C83631CB68ABB52DD7B24D57C2A3057 609 768 82721
0C8440313470E506D39B74B9EE05DD3A 467 700 52718
0C85F78BDAAB936CD93A0D85C11E0AE2 623 950 127294
0C868CC48A8DC65D3D699C76F3DA473E 901 1380 92393
0C8888581D69DCC21CD5774268585F86 768 512 63153
0C91814A04D8A80D9F43B1E0334FC429 576 768 51893
0C9532162E7C6EDE58634276C56DAC81 341 468 33881
0C9855B3AF3695C25865A159D4369304 333 500 24492
0C9B20CE71BA62FAFF40F3C43050C78C 230 307 17453
0CA49025D81DCE0FE728EDB9A28825E8 640 387 42369
0CA49CBA3F7045EE2EE0907B269E01C3 396 594 32647
0CB609858C6624F479F1B8CE7B4B2F0D 640 480 56532
0CB6FA093671A598F042023924B00247 700 525 73418
0CB78BC36ADBE59F6B745D59269D2059 405 600 55635
0CBCF68F1DB0F7F3CFE17F77EAC322CF 760 519 83757
0CBD7DADA89815021BB577E3B48E86C6 515 768 177261
0CBEE328934C1D28530DA31FC5118445 800 534 103731
0CC1979E9DA328A251FDF3A1F73DC6BE 360 548 36636
0CC409891F72E221B04E46067C9E3412 768 576 93943
0CC5AAA40015DD88B3A2F88E28FAF1B8 527 790 39068
0CC6DEDB4ADA2ABDF5C06CA55F17E8B3 640 467 82892
0CCAAAFA0F175CC72BA3DCBF6179911F 677 485 31910
0CD0C33BBFBF1596BCF6926C8108EF6B 500 752 29953
0CD3F10D89FFCEF3D37A83C0FF06CA99 768 512 61640
0CDA6336C97B95000B58346EBA09C3B3 638 768 63541
0CDD9C20BEFD62001055207BADC9BA7B 450 774 53697
0E996F84AD5DA5D4ECE0CBD3CEB00260 480 720 45298
0E9A5224EC56A154E427381CA95D558A 400 625 44240
0E9AE26DA17D1BE9482E013BAB529B27 467 700 54467
0E9C261CEFFD433268D8918BD7E9D4F3 768 576 72683
0E9EFD9B6578EE2CD56BD0F8B97A7B75 281 426 33059
0EA6BECFD92DFDBFA38EFA8007459B78 400 625 51299
0EA93D74DE53FCFF84E687898A301807 683 1024 143903
0EAADB9AC00CC793091F708B73E48AA6 585 521 41700
0EAB7B5EF6A11720E5FE3989E63A3216 576 625 70115
0EAE3DF1D2F24F0B65D537DC0D8D02B5 600 800 42237
0EAEA6380CC4E30CC3161508CB95C2A3 397 683 75924
0EAEEA63CC6091299BC3A40B179CDFE5 390 600 49186
0EB462F9771AAA60D5CC4AC9DD29F01E 467 700 90826
0EC0D2FA372483432105E6A64D4DC86A 378 600 94602
0ECC49C7A614E475F609D88098FC57A3 599 900 82458
0ED0F6533F6A92288ECC79896EDF68A5 360 548 25620
0ED1D31C8EC9D1417798F4D5604D23BB 237 500 23716
0ED2D27F587FDEF79E7BF9A8C1FA0418 467 700 56243
0ED3D33B628DBADC75C2CCE16C5445AC 500 582 63827
0ED7178B8B43BC9CAF8A285F54B330B0 512 384 25863
0EDA57ECE33890D89FAB86CC09455A0A 1000 807 161225
0EDC8BE29A81CC643EA28B19C422AD71 380 563 26810
0EDCD8EEEBE1E5E6777C02C104FE8750 511 750 74091
0EDDA15D84E985B88FA9F93F67BF3816 847 700 234343
0EE336115A3C6A84987FCF4D9FA8311C 416 650 61257
0EE47EB79EAF543FF6088BA0765FA91C 750 602 56465
0EE96C066023A3F2BCB6ED3A4E859955 800 518 144543
0EEC1F6BF25C1200819500F308B597C2 400 600 33097
0EF213A78CB3E81E83591D197885F6BF 427 650 87590
0EF66C330B3571D5D56E5B1D7E05C6EE 480 640 123447
0EFD56ED5117A51FC70E92D1F4802801 467 700 67963
0EFDFD696D90518D61C08EC1CAEDF752 467 700 36007
0F015FA6095161B31B022DB053223592 846 1334 259104
0F01615BAE07ABA7C249C4701B392D12 480 640 36894
0F05575BD1DF5FE7EE45803C37CE7D32 400 600 37100
0F0859B5A0A5BA860543BEB701AE9C1A 560 924 94415
0F0C0AC876E6F4126DC6F29669D2E6E1 392 563 38336
0F0F0C49D2D448F22F0A49814D17153A 400 281 19622
0F10AF3FAF735050C90E42344BCDD9D4 516 768 46260
0F1B2A68CEFBF2758A77E759AF48D4CD 675 700 69584
0F1D595BB35E150382344FF49F1553D0 370 565 71799
0F276B7338C5736E16C2B2E587772EF7 640 480 51952
0F2E9F71F25B31EBD313C24D63A98C03 1024 693 301711
0F2FC23D13D85C7CFED254A9D6867368 512 768 60898
0F38BA10E67809C10D8BA1D3488710C4 205 344 16604
0F42A392E7BB94E9351C7D37B4EA98EB 469 700 95071
0F4798061F0EA5B7F3CCF4A68463D2E2 640 822 129300
0F4CA61D97D34BE49DEA950D98A6BC40 371 550 30322
0F4D44788C9CAF5D1FC09EA96933241C 675 900 200098
0F4FF1FD43B5240AFF77A99C3F7E5FBE 354 574 69921
0F51B1CFAE1A70D1A8D6526F693CF3CF 525 384 41110
0F56BCD4D95A951D861D8ABF67536DD5 500 800 71285
0F5C1634DFF5E41426A3E65FD04B9E0C 486 720 50715
0F6BD62D82DD280592E51AAD16BF7C29 686 445 65650
0F73717B6C006CCAFDD1ED226732D790 600 800 70109
0F73968F8D91F7E5207F55236A913134 600 400 50859
0F77F19E4182417BEA5D8B7B8CF895DE 1200 1600 170681
0F89E302F0688D031DC2715D1B6C2511 488 366 39402
0F8A9943D59ECB17F86608E4C857A0B5 690 558 45066
0F8E231935B26476EF58E6B205F407FC 467 700 94832
0F952A78AACD716B04C9512FBCE8F34B 458 600 129225
0F9FAF5CE30E06112FCF82A56D63F72A 640 418 31705
0FA0FC94A910CF25765C97039F2F31CA 450 692 39583
0FA425E6813D80C75FBA5035241B53A1 486 738 69082
0FA4E2FC4BA452344F6327F268F44002 680 850 49893
0FAB7E1BB4333439931B2B5CB66E91B7 352 460 30801
0FAF63325B44CA632DE6707917D05CC2 685 442 57424
0FB1F5222B4A5BCAD4D87E192775AFF1 640 512 52229
0FB4B2E1CC955325115E6CD7CDC5DFC3 480 640 54971
0FB6E83782AC5371CD241075797CE9AD 684 499 34046
0FBC0A168159A5ECB003049E5B103F97 534 800 96434
0FBEA5F718EED25296DD30ABF75D018A 292 440 22005
0FC3037B9459C7608972A977541EB114 390 600 50054
0FC47395EFB9D023A3BAB7556584BDC2 333 500 26794
0FC8C1CACBBF8FB602FFA64A3C53D446 469 700 83484
0FCBFD7872224096E702056AC9F61DBF 386 593 47385
0FD0A555701EFBBEA7D488CEB4C52665 486 686 45167
0FD0E696E12915C9AD82BFAF5580B912 450 600 37698
0FD33B9A0B4AA867C5E60404CE7D3FD0 380 285 25233
0FD6F2804B7791A6B3601ACCA98D18DD 429 287 18745
0FD7283C59CC12AF2D71D27FC447D2F4 368 600 39447
0FE27E283573D51B744D4B9C2EF2D47D 526 700 45602
0FE6E6CEB21EBE317968ECF893B8A352 300 322 21728
0FE81C5317749D2A7779344FAE25FC28 229 419 18862
0FF31F8DE513794E92F3BBABD06C3D88 298 411 25048
0FF5632C29F3721B938BB68FC9C6025D 480 640 32743
0FF76923E4EAD78B77BBFEF7DE0478C3 401 602 56437
0FFB68C604D36B6ED122508ED35A9B57 480 640 51685
0FFD3DD1103661253A5D11E2142689F7 533 800 81483
0FFD7C62A1AC9E4D4D6F09DB28A87BC4 614 819 56638
0FFE7540AC63E2BD9BDBACFA3EB9DA02 509 768 119028
10016B8F4E9B630D9E1C04417081E95F 600 400 33328
100182A6CF7C6ECBE5CBA91C13EC84CB 1024 768 81221
10085B5B35C2A831A553B8CD111CA0EE 725 485 92459
100C4F10063042B17EC1D37881EF0A79 521 800 155753
100FA88EEBAB5A23CB5EA6F6D915EBB1 600 800 38670
100FE2E74EFB390A85DFD2B6B8EBBDDB 600 800 36235
101051F1FDFFE7BE0EEAA40B682C5AA8 606 978 75000
10121592220975C4D8C1249263A57F83 491 730 39716
10142ADE9563A4055C71EFF272055E6D 512 683 112227
101579BABE367589E3312D46F961C593 485 719 97620
1018F65F6D3B73993F7A0FE126B2D0E4 270 410 26075
101B4097BF1CDA79B4EC7FC22AB27CFD 550 412 19203
1022E2ED69870F3055A0C3FFD77BEE1A 706 480 50961
10238293585F54E495A9E2A1868E8FF0 725 950 112335
10254AE006E72E6163073754C5172401 768 512 112661
102990027C9C66F8906B8DB22F355370 386 593 53794
102A5347CAB132CD2B00CB7F87428761 245 365 31451
102ABC14597BDFE39B6244FE6EB3D119 419 625 28963
1031431552178EA98E502B20D1E68B89 362 577 32074
1031951EEF470828A3D8AC773F00D62D 768 512 77415
103696C3202B0D941C0152FCB013C45D 466 700 43834
103C6F43AFD41E59443140166C3A4FE5 400 600 28853
103E3BDB3B9B7B432F3087776CD5E54C 600 800 123253
104624365FC3D5A7B9E37DC328D820C3 390 600 54806
11B37990F174A98144E49456BBF32154 467 700 100827
11B9FC55C0BB64A09BF9092D0FBECDAD 470 680 37734
11BC4EA6D6A56B096B608722EFFDCBCA 400 336 32152
11C52FE62684C206AB46B8A1C29AF56C 400 617 60693
11C6BE4AA307F0BBE6406E24F38AA9ED 467 700 102799
11CD189D15F0E5B87F8C035D09A35A5D 640 480 60487
11D5E36573EB97E18A4E753FD32B2A36 467 700 58742
11D5FBB4B1B13C9A5E3590700C6A374F 547 816 80252
11D6CBA2D62D8AB2F7241B6B08974BAF 480 640 36726
11DAAA364300AFCCECEC3C1820579D30 452 683 81097
11DDA24F29FB1181F5C781C9908F12AC 276 732 48671
11E0C55EB8BE5FBEB8B4C874BD0B4D6D 467 700 51298
11E1286F8D466495EF14991E2F92BA57 785 473 70117
11E6D8341CBC436688258400D6D11692 1024 768 70974
11EA29200949242BFAC761888160DE4D 698 1000 122321
11EC3EF3FDD54F3A35DB49F43CE40819 500 756 170126
11F4C10EB10962A74CB6740820086697 768 512 61254
11F86EB6D0C28E9CA2219EBEE863FC57 467 700 59931
11FF6217CD3C998E64AFEB1A96A4B259 437 308 22372
11FFD9B11DB5A76C4CEDD97E9B89D218 337 476 26746
1200133B711CAC43FAC6F503BBB84031 640 512 155892
12004DFAB53216C856A492D6DA64FAC6 640 480 33598
12027999654FF578BE3BE8C1AC033521 640 480 41015
1208BB64D54D270018E347DC8639B5B6 329 500 30781
120FA3848695A2AB1BC5EE21FC123424 300 225 19992
12252705A8453539B85DBB102307456E 396 594 34471
122A78B2F2AFBCD1AE06396C85297DD1 322 500 26901
122CEAC72E4737A0482647EE8BBDD358 900 1200 117561
123657F6D3655E7DCBC73E088152D449 994 1511 181081
123889A037F02FB629EDA513A6D1AA4E 850 564 71114
123F514965240A2224E33647CD466270 480 640 42627
1246DE5348E4399EB28CF6AFAB1DABCB 287 500 15740
124EB4AC18DB993F70D5E4E8C9B44385 400 710 37043
1252C4A22C748EFCC5D27FC74C4F4B42 360 240 19336
1254EAD9FE654666D9FEB87523E280E2 410 627 26183
1256408DA8EE2CC69F8D2DC1DB4CE509 512 640 67207
125AFFDF0285533DD628FDEA228DBACF 429 643 92988
125C21AB19A81A7232FB11051F82EC1F 467 700 38899
125D5B1B7CCDCD22B78CBA96F8C4A86B 323 768 51829
125DC7F55F6DED7FAD722B59EFDC7791 768 512 81562
126429C940E6AC51166990A9E3F9862B 231 259 18579
12674BFB4D458A7AC4F8B9EEA0A8078B 496 346 21172
12689DA4DDFA1B59A0D76D19A031D4EF 339 600 53189
1268E20B8FB9F38FE1E8E49C60BE05C9 250 166 14017
126923B0C95C4DA8A0844830A84E3312 386 603 29528
126B2357166096CCBCAC8B3DA3B94CAD 392 588 49640
126D14D3A33B56B4081C02FE256CED72 794 500 64302
126FDBEA4AABAC1348F6CABB631EE126 600 420 26173
1270EF6D9EBE3694C000B9D0C67F9270 693 557 29686
1277BEF3FEBCDD67A0C39EF7F6008825 389 576 39452
12788F023AEF097D945B4E2071661037 385 500 51797
1279C1F07E6DBDB1105390B23E5A2599 525 755 24762
127D29F3CD6AAC652B7BD4F8FE6AF1F1 563 750 59932
1281DC46ED89329D40F0C7A20E258070 768 512 58702
1283DEF65CEC8B40EBD937F04E1F2A1E 368 273 23290
12849BB88560B9E0CFC575A8E9BA4BD2 177 265 9039
128C9E8EA1B5ECFEB1C383B7C8AD9CAB 525 384 42517
129E13DD81B998C785DE14AAFE040B18 382 568 60447
129E47981ACFD0D274FB9B9CD7F72E3B 768 576 85361
12A480D581604C23EC013529F489128C 800 600 147009
12A63A93C189104A2CE5076A77B6BD8F 640 480 83921
12AD64DDC19EFFB14FAC4BFBFF35936B 427 600 38958
12B40660A8DCCBB2CD27B31C59C204FF 467 327 25936
12B52FE66145306D55CF71DA9E54FBA0 467 700 103224
12B6D620C6D00904CCCD6FACD794DC05 305 458 32760
12BFEC1289B9894826B32FFAC6FB7A9B 904 600 223831
12C32AF799153FF6738919959B5C27DC 1600 1200 307340
12C5BE863FC0BCF14275E563F8908169 768 512 152194
12CC03B3508CB1CB2E2E98F2587C9531 600 800 56313
12CC34635028727F3CE67F76ABB18854 389 600 37908
12CEA3C88C6E7D2B318BDEB4D49B2EA3 656 1000 69417
12CEC97C8385B7B097FA7C3A3F0251DE 640 480 232539
12D1DEBCAE1000B06C1A2E2AA0C9E4F2 491 689 93703
12D479258F9A7F6C665FAB0F953278AC 413 658 76633
12D5B2FFE8C493DAFCE297F6478AD05E 750 610 52803
12DD43FA843FA65154AF30CA758097ED 362 576 65536
12DF84B4EB720ADA33BF676ADEC7CACA 400 542 28440
12E29ACA8D2AAFB487C3D0E55FED3388 600 800 45785
12E5B226336E938478E26715BC1648F5 400 508 29629
12F4D8F5C7D0D2268A53EFA095EF9F55 467 700 107453
12F9E4A474AFEA7AB200DAB0E70B6194 237 479 11568
13033DE2A816D1C991B27F58CEAC154D 700 466 38504
1303F7AA356F6E4B3D7D221AB51EE1BE 392 592 28145
1306071848D82E7E141BDDB8B0C24B4A 801 600 78879
1307F65FE6DC291016CE58909E1282D6 320 240 11531
130CE832DD6C18E6671B7FE4B336C90B 1024 679 139229
130EE873CF41EDDCAF7CC80656291358 800 518 77095
130FE193A6867E3CAA023785764292BB 400 600 50537
13140C66CD17C111A336A614277C6F9B 512 768 45350
1317CCCF99ACCECEFB9562F11253326B 750 541 150201
131B2ED8E91C2C545AADB7A4F1A7355A 512 768 65277
131C2B5EE98F69FC7C44C7BED498610C 450 600 45539
131C7E8D422287BD4DEC86623B9BC1F1 400 625 35134
131CBA62C5ADA5A1412005BED1740980 501 620 45628
131FF1C61DF902D931681E2A1EB808D3 494 363 27300
1320B86569ABA0205BAED00B328D40E6 546 800 73174
13287FDF6BC4CE0B987941D0680BD9A8 396 594 37406
132E6DD7F48679400173CB27918F8275 340 261 18351
132EFDFB91D0D71BD225BCF70ACC18AD 640 480 40598
13310A88CCB6C931A4986CC8EC0833A7 512 768 48873
133118CE62E827FDE35796F31E0CAB81 384 525 50763
133340096B193217724E65DDC7D00FE2 640 960 239328
13340FFAC0AB97B84EE5D49D0FFEB792 512 768 65110
0189728C9853362ACBAF3D0B38368A2E 433 650 35692
0191BA43E1EE51E3943C6F163E33C51F 800 600 136014
020AED769993939D7B4181A32D5F9ADC 500 666 194504
020BF59C9649DD731B1FEFBA86A97F6C 749 529 50586
02115225F82C770ADC4201A191A21786 467 327 32486
02190BEC66DA0A65F6C9FA34E8156D5A 800 533 75429
02191C8BCBE262FE8A6084E16B019EB9 900 600 110882
021BCC72B2EA4977700154676483E6B3 456 600 66595
021CAB205D91A0F701BC2931A5D8B791 326 583 28974
021D89684AEA09438816109B5ABB977D 413 638 45655
0220CE3014EDFE8939BC0C8D58191A90 1200 1600 179146
022475F299CDD54353939C36B0FAE5DB 691 922 66778
02258A42F4E5BFE8D26EC64AE0695C6A 467 700 65385
022A0429AC70599E40B2E75225C50788 265 413 44193
022ADCB8DB736397C9940E99F11C4A41 387 563 66979
022BD30373F81D1D2AC41FC62EB2A2EA 412 650 47574
02307FF0A115B8DE235F764532B100E4 382 576 53208
023B278A786D15627BF000BE75BD0ECF 401 602 54904
023B32ED48103DDD569A9A51EB31486F 369 700 51632
024EBEDEFA92E9A1C2CB694867756259 400 600 52422
02517348555900B2E2282227645DBDE0 504 563 43578
025250424F5198C6616AAF66D669D3E6 500 400 21749
0254F6DA582796A68DF65BFB1AB17396 683 1024 119549
0255E254F9E0C88A0D7CF7B538EDBF01 573 756 133140
02585C6F4830B3B722B84AAB97B3B244 550 629 73285
025BE3EDC8DE939F1628E765EF6C06B9 467 700 71414
025D915DE6886395AFDB219A0F526E24 467 700 30983
02612C21F5971B8F06838E07D19CE8EA 548 371 38116
0265E448BF985B7DA672450855E544D9 600 900 156624
0267509B1FE5167448EE63C2AE7A5D60 438 300 21389
02690F5BE9D5C2C4A8F6BAFE0E7CA5D6 333 500 35146
026ADBC3B61BFA210E4738B8C88D84AE 768 1024 150628
026BFE9455955E0A98D2C321957C29D1 400 306 17947
027721EE4AFAE96EFE10A439F1B662A3 800 553 35085
027D247E3079D71CAE3956E5C232BB6C 465 686 52223
028338DFD451CC4BAD9844A10172004A 400 600 60276
028B9142F4AD6DA21B786F0F6561419F 450 600 29109
028FEFAD7BDD8E96FFB23313112DBFBE 352 240 17081
0297D59F1EF45A703F8BEE420E5E301A 737 489 57832
02980F9C9CC75CF3A0C7BA226E31F5E4 400 600 54288
029B39953D787858AB8CA629F74AB50F 715 464 29940
02A79EC488E3C14DF95E87AA822AFE56 384 525 75128
02A8698E00057C86909C725FF7CC9F9E 467 700 68257
02A9F9963CDD3AFB9FA22DE861E2BF38 400 625 49246
02B203DA106A016CF1DB936020EB8206 640 480 45266
02B6E141146713F641DFD5D4315777B5 305 458 37832
02B6EB4FEA4AB196CC4DB3A0100C502D 436 666 32998
02BD20BE810258940401E022D560201C 778 567 137132
02BFDF553C7B6CEF2C15E2B76D32A2A1 718 472 118571
02D00D958A6D6DCD4CC6D7F6D91E0508 512 768 46889
02D0C6B343620C80EFE47CC8FFA7856F 545 800 76148
02D23D7C03F3ACBF275D1E336A56EB01 768 512 58181
02D569E11B742E83E62C30F06650BD57 427 700 38187
02D74EE992B2DBC29F33C6C0A42F6B17 604 401 66666
02D7ACFAB8253E50A9B480E4664EBFCC 413 632 62330
02D8EDFEBC9647A99AECC0B4A1913864 545 800 55011
02DB059ECCE41B406D60446393A9FBA2 600 400 33154
02DB6A4BF2523E91A57FA1E977D2434D 438 584 41683
02DC08C93652328E8BC5883584778B31 600 400 37770
02DEB124C9C4A132060DAB23D804E262 1024 768 90572
02E0AE63685C8199EA6399665F15BF3C 600 900 91071
02E1FB6EA9044ED2EBA11B066B9A3AAE 660 547 54759
02E87C9B5CEFBAA2F2C040074B289A6F 500 375 24366
02E93FE9911D3A196180D88F6E5F0A28 881 656 96152
02EB3B41C91E6F28C92BBCE6A70B316F 467 700 71893
02F50D2365955935180B0426CCE149CD 467 700 55371
02F5321BCF8A9C75B98AA288AD54B52C 514 773 87399
02FDC3C661353D9235D774DC1FFCC7DA 566 582 48396
02FE7B78AEE9DBB41D913EF8FEC87467 616 442 53035
0301A0C8647BE69974CD467924EEEB88 768 576 58146
030746046CA23B295D126516DB64259F 438 584 38667
0307DDEF70EC8492194E098E493678DB 482 721 117288
0319C4E3A4A8B3347C7A9131BB69EB2F 700 490 64745
0319EB686F5550B3D5B8B66340832492 265 400 18190
03248EB9EC07516651D2568C46B8351A 600 900 140939
03267F36BBE620526BF231D9166FE304 467 700 60323
0326C25306C1F29B3B39F0C3D42E6C2E 640 424 33217
032801C11E75312D61E71CC34D86DC7C 584 438 41014
032B25FBA435F1EE8193C182C7055E62 479 768 32453
032B2F28C1015923522E04CE03083413 675 506 75272
032D7701B654EB1079D40A51B0B0DE4C 720 900 181749
0331F4D748C64FD9C871540888D11A71 480 640 28172
03333E3A0F60F608F38C737293ECAEAA 750 526 131474
0335B27E964575146852A578A8D0AD49 768 576 81767
03398F40CB76EF8D39630FBF04EC47F0 467 700 61114
034501E7751E19A7D38D4400E6E6B21B 450 600 44506
03462FD3CB1B9E16C1BEB6AE7024BD25 375 500 22477
034AA1728CA2696B8338B2E69A089457 672 1008 129886
034CC43FECB52716517D0A7DC7D5978F 940 1369 102074
034FEEE396A6BCC35C7EEC27C0F6F8E0 768 512 54854
034FF843D9D7244179D1AE6F9B60F315 300 240 20614
0350C8E6483ED4571618E37E768C8C7A 503 740 34682
03560CF7B24B54F0A8A29F3BAF6B52E7 431 650 82198
035DDAE35FC69ECF458A904C80A22A8F 525 700 74128
035E10C0E52CC2A7DD4703C2BC90E26D 601 404 33144
036048D6FC497F1BD0711F464AB225E5 768 512 27554
0361458ACE486E4E319A9642177C25AE 598 449 30799
036157F93E336896E6C73A1E3039775C 400 600 34613
0362A69BD660C3CB4FB254E5E565310E 600 420 56441
0365BC0C36C2B9306ED9070F7C239BBF 768 512 137586
03668DA00F9E0F1AA4826A3B11C2ECBD 480 640 19696
0366C7980EB5EAADDEB1DD53F9424D9D 413 604 37475
0375D3CB06D0ED485E4376ED6117A12F 386 593 50812
037B0BE45E044F2618070BD46A1DC09A 1000 806 144299
037D3E7619E78C45075543D9A12F2BF0 1024 768 81915
037D9399D991C93C369D81FC7D7AA5DA 900 1200 353702
037EF6D4DFD058CD54188FBC8A4161F6 320 234 18890
0388C1E4B77504B37FD5CB87A08780E4 450 600 39326
038BC545AC71D66CB589A52EE1293D44 800 533 32929
039722EF89313FDA8C6EEF9B39E6A2B4 400 625 36740
03978785683076BB95418233DE96D928 650 463 94050
039D4DFF3D38A0BFA7E2742303EB4789 650 433 68938
03A1345E71DC58C0894E202C8501A9FC 413 695 69689
03A510EFC0C05E988EFB23E31DAEDEC4 650 437 68550
03A5375DBD58C3A6423C62626F6C2EEE 814 470 80199
03A5AB20522DD3EBC7D9139B20043525 600 800 39967
03AFD6F74C6EFA14073201E7E0681905 576 432 104761
03B7E7800C4BB246905E7B1377EFF4A1 738 485 49137
03C06DAA8C7416A5E9EF3CB65D44C8CD 551 349 27743
03C20E869172DF6697CEC3CFD35BCB5D 481 737 39806
03C26EA0FE1E935B8C0923A66A8D2014 512 800 134782
03C3785FAABC837131AD9C475B8C9A61 512 768 60585
03C753BB9F5F0778C76ED8966AEAF414 512 768 49131
03CF0315F53B11020A2721D833126054 413 585 25730
03D1639DFB07A50FEA5AE6FBA33CEE7D 467 700 41638
03D2B5AC3A6C308ED60F81872D2F7DBF 683 1024 165558
03D79DC0AFABA51C5ED67E129266FCFF 640 480 51662
03D97FAB4F58C39CBF3C24201AB17F10 800 513 103798
03D9BB46C42B59E3A2412E4D3FE22882 496 372 26419
03D9DEF2EF1CE8232A40C13BBA1FB4CB 596 371 38414
03E18D53A64C44A8A6F890EB80883D45 400 625 43219
03E4CCD9C4F9C8745A9240C1741BBABE 410 600 69932
03E799A4CDF0ACA6DEA6FEC145B382BC 698 508 51415
03E9C8F79DD90034F284635D81352BA3 467 700 75067
03EB80ED2ECE0BF5500AFF93191B7D71 750 469 46017
03EBE141F2E9A844B39FC55ABE76687C 1024 818 241232
03F2C270FDD9CE7C9EAAA7B9AC8DA583 434 754 48742
03F31CA2C28BF2109B2C5A8D7B505B52 300 240 22554
03F4A954C8A14C2F2108B298F94C31B7 683 1024 133097
03F506A6064E46BDF55801C8DE3971C9 450 600 56169
03F81E889556830BAFD48346836F9D3A 371 565 66141
03FB13802A444FA42122668B5D2EDE2F 394 563 39904
03FD41C6DDB2DB5A21759E87C5EEAAED 356 576 74336
03FE4E4DBBB72E66DF8850C3D28BAC55 419 604 41764
0400F28F6EF1879F63317C30A7AAF589 598 449 32321
0407CF32F1978CE48207C5B4F6EEF112 437 308 23089
040BB756E1743AEC8F600A1DB394B906 600 800 100736
040E38075F27D0DC26E19C8803DECE4B 600 400 56085
0410E8467F55CEF51FE721EDF7A68B96 423 612 35086
0414077EEBB436E28319BAB7D726C8B8 533 394 304746
04174F173B9B875361E889E2AAC04710 550 412 13961
04180D203DBD1DCC5F351DD27D0E3BA9 896 600 75207
041A9B594DEEE9035B7BED86D9F8219C 558 403 38680
041AA100A74CD2465ED3FA861CB6D888 413 585 43268
041E3A0B2B8F27F977F7CDC5E585306D 720 900 143640
0426E762A021B6819FDBC27FB6C14D4C 656 1000 52759
042983FDFA53749840C5F3FAB61EA8CF 768 512 54326
0429DF22B60ACA6DB9B89FBA999A1BAF 467 700 40536
042BB8D6A769BB36218B620986F317D7 799 600 159647
0430DA9C8A86A377F3DBB36C219BC471 395 600 46743
04315B03C3827B6E894ACDA2A9391DF5 1000 750 104794
0431F408FDD442AF0A7C5A285B292C21 276 368 26729
04322B4FB8EB1FEA343D389B43C4F5E5 683 1024 71416
0437DD8B4BEB8E18F7AD6171A20A733B 683 1024 130799
043975E41DFE8E6D51FE1C069F3285DC 600 774 91318
043AFC3EC582E1D586267545829E4FD4 467 700 56920
043D85E880EF59E8499CD85F9E2D16CA 1200 900 271875
043E32C30BA9C63F5BE0A66B150461C4 396 594 34825
043F601EA07ED005665D988D906BAE0C 520 714 48347
0448262F70ED15F132BC079A10C9CC21 576 432 88561
044F8491AF9E5142532C8CC3EE9B5A2C 500 365 30801
0452182C53E9D02E484DF3BA6B53B44A 590 900 67989
0453ED91BA9758A7185AD9354EAFEB64 512 768 106470
045AFFB880450E6F11450514D5DC89B4 480 640 54998
045F5FE7FA9AA4378F7F6839A630AA3F 594 396 36658
04602339934ED5B9ABD725C49143A80C 512 384 19512
04603D8777A876132B539DC2B98B80CB 450 600 40586
0465565ECB34EE13656173E41666DDE9 691 555 43460
046F21005CE8583AE59C0DE87B3EEECB 467 700 50198
0470BBA616CD64EF4889E959207C1A04 896 1344 247245
0477211DE67D94D93AD1CD951A14471B 1152 864 178530
0483BBF9C4B75C89F54165E0F085878F 480 640 52930
048665D561073C28212477C126C3BF37 310 600 29530
0487CFEFFD26BDDFBBBA88232BD952F8 400 600 34942
04883DE140C8561AED2182276C63C460 546 800 59159
048DF46036EEC8ABDDC27D1A64A27134 455 351 241133
048EAC0C05EC37E973144F2DE6CEF6E6 413 744 42357
04936B29A2B919FF9D19945123BC8AB1 450 619 44132
0495ED5DE6EFB93FA2AF43849C588DDA 894 637 369962
04961C03C971CB8EE5F8DCF33BA025A6 360 240 19421
049B24948A663FBB64A4DFBC8A5BA618 512 683 62186
065D36AD74150FEC97D84C8926B6FC84 586 439 34446
065DE4D9C1C9C7F7F81F09B5F315C62E 795 600 167695
0660AC83778FF32B1BA14C2327537877 414 550 39768
066728A6E1835DC1236B00AF5A0A9B5B 464 700 56387
0669C1D5171F42E7F4E64FC4362F9DDB 467 700 42194
0673C6127F614EA731B500383C130ABF 371 563 26891
0677FADACE274C360681B963EBDFA4BC 536 826 100699
068C1096165C941CCF97B06C6204342B 350 408 39779
068E955D77CBE4D81F034991670B5168 417 274 39024
06938685F2B43478419FC47E56885FA8 496 634 72668
0696652D362FCFD41B29A74DABC936AA 467 700 40376
0698BD6DAFF6EC4E8FD5DBFA620DE6CE 390 600 57126
0698D8E7C88B74B6A56CF83B836E603E 800 600 88682
069B4E2E794DB7EC2916AE8878A1244F 538 800 129930
069EF85026414E17E19B422CAE893F92 300 400 30457
06A0C88EAF5E2A43D0825BC948487CD8 768 576 68773
06A187314F0B4C520550FB22E334AFC5 640 480 78820
06A60C9268B913A3B0DA51CB69EC8202 401 768 67213
06A681A20535A825FFF1D445EC502D21 585 807 97857
06A6F98640E5D3669A9E4D90F56569B7 342 556 66177
06B0FFBE66C6610B2E9ACE1FD7FDA36F 522 748 110501
06B22EDD4EC70897C334E1BF203C60E1 467 700 50744
06B7554CF4996E2BF77E69D4124F4E6D 600 420 50390
06BE8C1D3451EA04B306CC9958B16389 260 390 17238
06C074814007E0E0CC38720768BF7C21 640 526 117235
06C215884C67CAC0CFB1E3C5E1220217 299 440 27425
06C50426CFE050D43019DBFA3430E2C6 600 892 58465
06C5334D1CA0C03A0841EFEAECCB54BD 392 592 37380
06CA38F413A6D4C0EDCE531E8030D1DA 364 547 37538
06D71EB7ACC98E7054B8F44985358A86 768 512 79423
06E1A4DD39718DF854711135688AFDEA 800 1200 84902
06E1B555B4531C0EF90E4E8E8151664F 413 659 34388
06E28EF7772EB9D5568E4C433A11F22F 538 790 65808
06E2D450A9EEBD974681E6965FC7626B 360 240 19423
06EBB0257113BD74F832D13231EFC6AA 481 480 33709
06EFEF3F9042050EBD4A90A9C6ACDB7D 467 700 95522
06F161D970FB941CC2F966E467991AEF 900 1200 339250
06F1BAB6533289C5AD47065E5A0C3A71 532 597 33731
06F911B45EC6C3F1C33E52ABC7A30E4B 432 324 19198
0704EE76ACE06417ACF5A60E1D304A9F 512 768 72984
070971D95F2A28C9533B0CEB8B95C7B5 640 480 48754
070A1517D07E5FE40596D02DF761C1E6 548 320 28026
070C2DBEA8A6883CFC83BCD57541A97D 371 576 73728
071040A5A8613749C3BEF65C8B5C09BF 450 600 46606
0710AD2E3CFA7074957777094F8839DA 218 532 75922
0710E8400F5DB58CBA10071F7CE5EE5B 467 700 57962
0717FDA67EA08AAF93E117CCA2A98BA3 500 366 30053
071863A9CB9371F5364E6FED9DA8B1E0 846 1290 74128
071B2330D970B8F0DDF6D26942809DD0 341 512 20691
071F7B0DBD81F8AFB717B35ED80726DD 1017 561 60135
071F9483D5878F13E818A616EC4549B8 438 584 48778
0725D81179CE990ED02FDFD841598446 419 599 29314
072B97E218CCF1A16DB73CC26D2EF24A 768 512 105914
07343DDDAB50127573FE18F8419EEBAA 800 600 67417
073563F3E82D6843FE99620C211B8A31 732 1024 193236
0737A22E3D2D3B9A92EC9978D17D6C73 576 878 86458
07398D1BA5E9A98FE200846325BED103 899 1258 100587
074F5CF4A6E7017B7FB442893B3033C4 467 700 61852
0751AD9F5739A7D56B687EB5D08E6840 672 1008 104247
0754A2EAD3727E3E7431DEB439061E08 600 900 80852
07582998D45AC672043EE700BEC974F3 270 414 28261
075A2424081C252985B85D3A42BDC97C 400 600 48111
075C6962813331EE5D64552BAEB07AC3 467 700 61360
075DFA72D2D916494A78D0A42D726F1A 1024 768 76774
076273D8A30FC33614FAD6DAD68C4860 400 600 25544
076301D9B988AC1E96C0BB9EE1682E83 520 800 34688
076772DA0021F4EB68F303FD4036A4E9 300 362 31607
076D0967B56D605A74964AB3836996F1 460 372 37765
07711C741BF551EC227A2064302418D3 467 700 62584
077AF7F149FC887C1E731705902B62EE 621 916 52341
077F5FDF655D949E5DF162BCEAF4CAFA 535 768 79548
078159781ED8E006821A3C701AA78026 486 800 94426
0782A2575E4633C401D973F33D4D86B1 402 600 44626
07889A921C31D83B0A2F440096983D43 525 384 34444
0791702D7A5EE429548266CDA70E9155 467 700 53284
079658B9D076ACE2E9C5307CC71EEBFB 467 700 25739
07A3536B43FBAF9E444CC07039801BEF 423 450 42753
07A4B155655ADCC0CA3BA991280A443B 571 800 70237
07A4F2C65AB8F46945D85306BB03A3A2 399 600 43657
07AA817C4061A4C2D5A30177A869C2EA 599 400 39781
07B58B1A3D6E10E8107BB73CC29803A3 414 550 43090
07B85989F634F814BF3B84CBC8AB7197 801 600 108215
07BAA410E829EAD0014E039E4A4BCD73 504 331 17583
07C0AAA3C477C8B56492C220C87C92AF 467 292 35723
07C2AC43E395793DEF366AF6004D7807 750 602 126679
07C4BEE599B4D16AD0F699281596140C 512 768 120655
07CDE0E5CE7CDDD5BEFDB099079C6939 1024 768 76036
07D1F8283FD3C2621D720F037E5447F9 360 540 44074
07D27E214226F0EF0777EFE2A35AF594 404 599 59721
07D3BFFF7A0D34A6C74097AB3AF71E41 640 480 50127
07D52556096C1AB0910C752CFE9C5ACF 320 234 14742
07D536296A6BAA8C635708CEC9B5AA2B 950 659 192548
07D672ED5A6DF3649FB5653CD989E5A8 339 512 40099
07DC9D28A5977237A6B29B722F04969C 576 864 82612
07DF6F6AF841C1518713417E146F3027 1024 768 51328
07EDD42C94C8E07B597B2516DB54308F 630 472 55979
07EF431771C08CE26815A92746722DE1 384 525 47319
07F275C1D1F44850CD24082CBE81706D 600 400 42978
07F3FB2571C8DF93A0456C8D3CF0654B 350 608 33552
07FBBBBBD1B8E80F85E6DD65C1A484CC 567 850 57540
07FD40A95B43461FD63597F10EED5544 1024 768 68980
0801D407DAED1F631A3D68782F62863F 750 1000 75479
080B28D5B2A42EFEEFFC99958FCC247A 400 600 38993
0811671D70AD707428C5D013783D7CB8 683 1024 140338
09B8F2C242E80304D2A3ECDF6D0B42CA 390 600 46018
09BBBF3C8364194EB856C3549B8A5AB0 720 483 55808
09C25027B097B51E56C58811AAAFE647 467 700 105295
09C27FA92F3EB94B216391F29824D30D 1024 768 55953
09C39979ACF7A00F245047806B445CB4 390 520 232148
09C40242B7D1C821AFA2D1AB026AB412 495 700 73067
09C67D7C583A431CE9E31E14AF080550 402 600 44542
09CD188A71EB3EDB796A10BB9039A65F 685 442 32909
09CF0E13D9F1A438D74BE58904628AFE 768 512 54381
09CFCBA36D6F8EF7513BBCA5D136033F 600 397 42641
09D0B80ABF8FBFA05753CC8412FBCF88 590 900 42406
09D4CBD657FDF06B936B3458C622EC63 320 240 9591
09DCBBF88516B90BDBE48B7D31E78E92 456 790 48356
09DF5202CDA103D1AE2C73B4A2B68FB2 590 900 36952
09E2907F78D9A47356B0909951BC684C 619 450 44686
09E29D9FF03B6B2996D58621CEE0F2BB 548 459 41076
09E580477DEF82FF03BEFF7A7099D619 360 548 27032
09EEA0A72241A1E5BA43F18B3F302240 400 600 57236
09EFDCF7282712E3D3FD546FA237B2BE 584 438 36193
09FA150CF837D04A2627B96D5F7059FD 400 300 61073
09FEE37006E3F093463855374C771450 421 640 56901
0A0C4A44FF07FA1FC5C51F3778D47A89 768 576 86278
0A0E5A1C4527F6438AD978508DDFEEFC 576 844 91647
0A12EEE60CFDC38DDA9B5B4573B6F344 509 760 80689
0A13676AD1D8CE97F5C64B978EAB2957 526 700 40199
0A1C073504659F1E40EB5D446946B3BE 390 600 47387
0A1D026F9512E7FFA9F830DE8A3465A2 506 633 49117
0A211F6654694DFC489EB05D89EFB55B 1331 893 103034
0A243B7B827D963DA4325DC7ED72E843 375 563 26627
0A31149BD8A1471F4A76B5405278E76D 450 600 57859
0A31B5E61D47451BCF452220EED2DD8F 490 700 43491
0A35D9E1E0C08B72CFC321B7D1566634 413 554 26559
0A35F53A7C748426EDD4385E8A7156B9 288 340 18354
0A3975628B51B85E2E97594FDE8F673F 333 500 15117
0A401ECD3CD26FEE4CEAA0C1B54FFB01 461 700 43535
0A402E143ECF1B7D9DF615F6AA650D1B 467 700 49703
0A41BB2F8DB92005A2D570C42D9F572D 768 512 45883
0A42FD3CB65C8940A94C889E3F14F490 506 730 50506
0A43312DC0FC5E84260B6EDFD1C54E4C 1020 642 113326
0A483DB85D20C180210A8128B22A6D49 462 579 55019
0A4A579F81122115215EF061CFF8959C 501 652 50960
0A4FD31E062C364E27E6157BD41B5C97 400 600 40263
0A518C7CC950AB8C4D91B3EB8A3870C9 298 397 18500
0A56999DDA6990614F46B9F7F78A8370 433 663 30307
0A56EA6A41D761D8321BBC029914EC11 470 700 68159
0A640F52275BE99477E2E9D45489BCC1 800 533 58371
0A67884E98DF9BD7C63ACF402C6B1646 512 768 96461
0A6887BAD6B146E0E3012CCFE36D9FF2 768 512 86903
0A71CE55CD16490CDA74154E2462B989 300 240 22909
0A7314AAEFE3F6D8A249B38569FE1A56 432 287 32857
0A7474AD96528DCDCC2D10ACAB41E6C6 890 1361 143543
0A76EBCF8483844590EEF6A5B99AFA72 414 550 38053
0A81E3FB14711F410C4AE59AD675FECE 655 425 53283
0A841016136A38CB61B7FDAD999F96CB 422 563 29080
0A877765793FD154F9EA130DAF28B81D 467 700 50391
0A8A85A23308654D2300F68201B75A15 683 1024 180710
0A8BB6893E016064A91DC7E5C0D075D6 461 716 53307
0A99A7BF2890CC988E7B5EA391FB151A 725 465 68568
0A9C8555AA1E5696155E1151BD340606 512 768 53903
0A9CAF6BC82323E7591F2545E5352670 450 600 38832
0AA397484A4EC71441B44255F16A13CB 632 388 46266
0AA81304DC63D48CBDF3412368016B29 1024 638 179926
0AA87F1243D4C7F253D50D1E70277DB9 504 756 50258
0AC03094A69C215FB8431F3378576758 512 768 78320
0AC055D5A1A81CBB0016464FA4A890BE 386 593 58745
0AC2C227B09D8629EB1FD45F887AD319 690 563 44284
0AC83AD933FF6C04E2568E4282A289F4 600 420 52167
0AC8AD537DFD8FC6427D7ED0F86122F9 400 625 61988
0ACA4C7B7E7D924B66DB42F9CF98FC1D 467 700 50579
0ACF7AC4A9C788D29223D42CC1394DB0 503 800 93540
0AD18EA473FAE9B0A7AA583BF56AC0D7 251 365 13540
0AD2A9277EF92F070AE12443194F9329 413 633 55296
0AD68A501BE28D1FFEEEEFA631B76779 599 379 20082
0AD6E6A9AD6915A14FFB44038BF00D80 240 192 4061
0AD8F0B55E957E9FEA23BE3FAEB42ED3 675 900 122430
0AD909A38812664D6C64FC93261D0C28 240 320 23480
0ADD64FD72A23E63FD5278CD6DD401C6 819 621 137357
0AE2E9CB678B403449B3D22D9538095E 413 614 47764
0AEDF4B6802F863F527292EE485638BB 400 600 35694
0AF8CF173B89FE6A15C6DE80439D2C58 447 685 77513
0AF9FA3C7DF21A783B0BE50C9344EFB7 355 495 17451
0B0228D30FC9C7D8D37D6AE27C45B794 512 768 58864
0B0677852EB4DD32B6EAF7E0F6FD2D70 420 640 37163
0B09C6BE5B84C9AE20A36E75D7FD7A04 480 640 89098
0B14266E95156922E46CDDF480BAA9EA 1024 768 75099
0B18D7C8D4E9BE1E447D2BDDA438C2F3 750 488 52145
0B1CB1102FC2054D64A57BAD08752590 550 390 45982
0B21D7F40AD22858D6D376B44634CAF2 237 364 14229
0B2220B8244608364B0A7C2F8AFFF6E1 456 686 42560
0B23DB488211F4EEA87149AC75949E98 400 625 40991
0B2F9E641D6D7415A1802BC2913D0607 450 600 55247
0B3087DBBBE943C04A517178983F3549 450 600 42731
0B31435115D83001E5106EC86C6A0A20 600 420 46044
0B3F7684CE1DE92E45144E27A4DC3A05 525 384 49922
0B41D2956F50E82AE7EE815416FA3D33 900 1200 166488
0B458A6D729D99F8A7549C3E9A2DC007 527 790 88885
0B4ABBFEC3B6FCD51C65AF13293011F4 656 1000 70139
0B51B0A8075A64D0D1D71AB6DE4F4581 359 563 31935
0B51EFEA6A1100E5C27248132DBEAA68 672 496 52416
0B53EF744BE648C9DA0269FAD1E51E44 440 330 27189
0B594A599A048BA458DB65C5748BAFDE 725 950 99307
0B5B69F8EF091DDB0C735CB8CED501AA 500 521 20392
0CDE4A54BC174F6610EC1E1FC351CF76 438 584 67712
0CDED519B2C18985FF400A6809925AFB 386 593 55134
0CE1F191D079C239C1AFB14BE29BD06D 682 438 47652
0CE3B2C8252A74B2D49EADBBA0031C38 600 453 42386
0CE4DE1D8A673D14894118D4E3B0DACE 683 1024 135072
0CE867B1C6CC89CD73B01993367224F1 656 1000 40225
0CF3580C87E3A72DFF3200DC1E4F7CEC 750 1125 147281
0CFECD970F4A7833E4D89C4EE9EFED11 600 800 42625
0D0453948697C23BA771CCD118BC2AA4 512 789 122330
0D0A615793F8043ACAA6F510B07CDD87 400 533 26559
0D1168BBC3612E2D711C4F13D18C21C0 467 700 35472
0D1780B4CC8B1611624CD76B9B6CB996 600 400 50517